Kepure=0
Pastatyta=0
PosX=0.000000
PosY=0.000000
PosZ=0.000000
